3.236524397325610258e-01
3.706235860495190049e-01
2.955036574786995551e-01
3.554717662486744922e-01
2.170744922613431771e-01
3.276141603536134594e-01
1.312832498789266444e-01
2.662399169736660021e-01
8.142289118724457819e-02
1.874100260498319515e-01
5.340920831405260305e-02
1.423265651012531607e-01
3.723864354433270574e-02
1.038544865519137189e-01
2.814145759549036008e-02
7.764937415414452371e-02
1.281307990130731156e-02
6.421571723669361464e-02
1.556650065996656451e-02
5.940375057877234077e-02
5.062791897378504657e-02
1.736907480757695077e-01
6.570297128888569205e-03
1.687126037249336297e-01
5.412872799700707560e-03
1.538504079418733794e-01
4.272158401574799313e-03
1.354696839517252338e-01
3.185942513985295932e-03
1.140663700162577177e-01
2.224326993795600060e-03
1.005658682490006839e-01
2.154154505616290294e-03
8.313104549780075958e-02
2.676682190744017475e-03
6.657105095504989301e-02
5.573371659304271475e-03
6.263693272392267808e-02
1.109613842823620189e-02
5.754252101242940398e-02
4.301683563012215217e-02
1.727351576649798770e-01
9.937492728947283638e-03
1.699196959997145151e-01
9.612861832698271769e-03
1.518013698870448458e-01
9.684527915713836421e-03
1.295403660550563940e-01
9.812182645114297941e-03
1.095813885057705245e-01
1.073817915647001797e-02
9.791728475348565608e-02
1.273551545616147251e-02
7.829268647915921253e-02
1.374033747076985890e-02
6.732575490073355873e-02
1.543718913641267676e-02
6.308230979005680084e-02
1.840314757075312002e-02
5.665904373850616516e-02
4.387370349116281876e-02
1.881507700218756907e-01
1.284991307157046236e-02
1.794032569419313217e-01
1.291833246653206757e-02
1.581581743458677636e-01
1.348530715076190489e-02
1.367153648046782188e-01
1.981788133621931181e-02
1.129432722946964868e-01
2.284409727056502248e-02
9.942795386222125220e-02
1.502559295566152642e-02
7.901195992681070424e-02
1.563280311070158746e-02
6.871957907168380064e-02
1.715866933379572856e-02
6.468267517328474270e-02
1.997266907548755910e-02
5.754746803331145522e-02
4.407565952826797417e-02
2.265216134177771012e-01
2.316967847271289571e-02
2.072234726743602540e-01
2.711706860278395581e-02
1.816367285815802535e-01
3.605364791496112886e-02
1.561411539505320190e-01
3.490626404132979310e-02
1.300955685592909417e-01
3.267444039474787232e-02
1.058662241076848143e-01
2.986136604952371876e-02
8.496255043989842104e-02
2.053955517246963680e-02
7.129390979645933157e-02
1.926785404666864210e-02
6.708791280697090631e-02
2.170263654186399549e-02
5.934530538592386328e-02
3.112237766678320749e-01
3.594514077134341457e-01
2.972502446802018361e-01
3.448343446219688802e-01
2.301476419304404608e-01
3.125386155022628065e-01
1.418399789708997827e-01
2.530878201994344878e-01
9.105343517141276100e-02
1.826839628859993347e-01
6.386349031400156973e-02
1.443598569561160561e-01
4.659806647935726964e-02
1.099971473010923351e-01
3.767017199139610639e-02
8.042322053596634435e-02
2.198078676792691866e-02
7.256567043336870082e-02
2.479552639343562959e-02
6.753629984362508054e-02
3.519951481787686465e-02
1.796700878465626872e-01
3.522244291489484702e-02
1.699870565541089507e-01
3.513094158702390057e-02
1.573308878385967780e-01
3.506627575929288643e-02
1.485190978653666005e-01
3.384410233631129916e-02
1.320860528898246677e-01
3.131814902318574845e-02
1.071772105246987516e-01
2.708325068901573651e-02
9.320695451233076967e-02
1.697081826966018170e-02
6.642840889991158404e-02
1.226402943086046804e-02
6.301941882300188258e-02
1.485822277269477354e-02
5.828914188148459630e-02
7.890725427025291339e-03
1.686569946308375534e-01
8.381354499079840537e-03
1.656897281587436377e-01
1.882593976814028736e-02
1.512449231100593539e-01
1.881899892216010173e-02
1.317641084990677780e-01
1.560121521825319491e-02
1.082772148788703481e-01
1.419276491146659325e-02
9.416240985997761936e-02
1.955754308093204941e-02
7.780155663225646334e-02
1.217419392446084103e-02
6.660015007841191270e-02
1.346452154473887219e-02
6.253077340856716404e-02
1.659843867601207279e-02
5.678970862359911109e-02
8.468002234613525303e-03
1.779224064600336552e-01
8.512181472097424262e-03
1.701035359226247268e-01
9.005259704059298542e-03
1.524620166277549649e-01
8.938948773473676113e-03
1.281678347193744849e-01
8.413267066433860464e-03
1.052725302071965963e-01
8.543577204509489320e-03
9.088048678119736712e-02
9.178464977555478299e-03
6.867079759919808568e-02
1.221402396458870498e-02
6.665664689303085755e-02
1.502112583832193593e-02
6.313263807632818470e-02
1.818350706069704614e-02
5.643244300509198119e-02
1.217096329766720331e-02
1.971817662411678718e-01
1.219580024825006603e-02
1.875728664617729580e-01
2.488911674427685128e-02
1.582371681374885597e-01
2.188118340130040806e-02
1.339735871133285738e-01
1.973987734021198648e-02
1.070950722574852687e-01
1.746741657678985149e-02
9.359502538907327196e-02
1.462135402672259943e-02
7.563116560872079619e-02
2.392084340960876077e-02
6.866695289390090107e-02
1.767312407505894356e-02
6.457167758107651423e-02
1.950417024390826981e-02
5.722348933823262485e-02
1.704755039614935797e-02
2.351104852716930926e-01
1.514553689059283670e-02
2.173598713896199297e-01
3.290991413755017803e-02
1.818111549914384895e-01
3.294625871820189289e-02
1.503294679000426737e-01
3.171382011447332339e-02
1.145961848241698056e-01
2.925756580306182464e-02
1.032852597096328706e-01
2.692187492146436156e-02
8.063428115438636690e-02
2.066530060618498865e-02
7.088184046461376564e-02
1.932784379170771061e-02
6.681215769833093177e-02
2.170263654186399549e-02
5.991502624830746804e-02
8.359995659139693447e-02
3.655724989862768615e-01
5.057513194331453299e-02
3.503590542285969223e-01
4.842730378311149719e-02
3.146179776600003808e-01
5.449652492756268396e-02
2.628810797400729093e-01
4.606039612538459505e-02
1.865914142247017682e-01
4.792943604225607945e-02
1.436660433891563393e-01
4.385311677046577206e-02
1.083246832177575669e-01
4.542281025067385070e-02
7.946193607656959479e-02
2.953385262132046662e-02
7.259726498905305636e-02
2.503492841167265226e-02
6.696756901136446949e-02
2.467162886430251945e-02
1.674409652593049913e-01
2.476138633485436280e-02
1.606017843556170610e-01
2.463721923979700357e-02
1.565180407399763829e-01
2.468114598011172944e-02
1.489998508826606560e-01
2.321245678370442711e-02
1.294522172500641999e-01
2.167168127958718493e-02
1.054003961195766614e-01
1.726630601269407705e-02
9.366990645273026717e-02
1.024942739757284116e-02
6.643756485728363748e-02
1.179155663619368966e-02
6.296604990314169648e-02
1.475417830202641056e-02
5.832575815891294368e-02
6.792845877446662683e-03
1.701878427687616990e-01
6.359106720484675179e-03
1.606442383647369854e-01
6.214468211770629580e-03
1.503801860248407951e-01
5.453936629834288397e-03
1.301441692248272441e-01
4.294441295549233928e-03
1.067455349053320485e-01
3.393695231880045071e-03
9.538753648282713438e-02
3.266543476604155671e-03
8.127932921389297016e-02
4.314102659508378679e-03
6.615833371815976749e-02
6.761938998160132996e-03
6.255212907262164279e-02
1.646387440434438076e-02
5.707732640579532557e-02
9.872383024363440285e-03
1.772708391937213579e-01
1.007897951335490205e-02
1.734727314131369325e-01
1.155383115132035954e-02
1.543638673367845049e-01
1.156367602026975305e-02
1.266162654805529919e-01
1.164341686182979174e-02
1.046995788693343421e-01
1.195340798616495448e-02
9.101425008360736202e-02
1.241725318089281771e-02
7.002596819303297249e-02
1.337113854537141933e-02
6.729656829030916665e-02
1.554222519277725922e-02
6.306335426741838113e-02
1.921182399417453723e-02
5.633691678024810301e-02
1.064990030697243739e-02
1.938324423622695691e-01
1.190276281080482335e-02
1.868421183526117746e-01
1.249757076675717116e-02
1.607174232041365669e-01
1.247628362724917395e-02
1.302017064425138315e-01
1.263951813151997783e-02
1.058583096560891945e-01
1.320229413082829595e-02
9.645874607518983845e-02
1.432629985195665867e-02
7.508863542660165757e-02
1.550203082466694582e-02
6.901507694470709886e-02
1.707852831705825025e-02
6.433150769718620765e-02
1.985485658867780501e-02
5.766708042071866380e-02
1.360383834214440313e-02
2.200588360302083435e-01
1.514989340716965671e-02
2.153131929386944698e-01
2.046353591731442378e-02
1.828690835913595880e-01
2.152882474935902124e-02
1.476079098162824954e-01
2.506650891588213526e-02
1.138667363994754211e-01
2.439844221399756208e-02
1.034875810268537089e-01
2.019169562974187926e-02
8.258322729545536367e-02
3.334403712579292467e-02
7.109258819084474101e-02
2.562723657133636479e-02
6.674954505350072509e-02
2.303999436002701628e-02
6.003005431295549421e-02
1.999475875552381154e-02
3.575280263628450861e-01
4.195528775399104404e-02
3.455895980404840029e-01
4.187147481843200847e-02
3.087858367691659334e-01
4.106076310233708337e-02
2.427034023182241262e-01
4.346449529167206727e-02
1.824834471211350950e-01
4.133507248636447695e-02
1.362228427689149424e-01
3.921342590088094937e-02
1.089544324725660041e-01
3.509707788822158392e-02
7.799575501379651943e-02
4.067002306629086128e-02
7.201314917628709455e-02
2.532883903101978973e-02
6.689121105002704404e-02
1.485121043714254796e-02
1.684398035209159206e-01
1.516459945521786423e-02
1.586146826464079340e-01
1.508263580155810857e-02
1.544897851924655618e-01
1.525938775758417520e-02
1.453068225639886080e-01
1.397043907489692316e-02
1.278905059000777777e-01
1.204418121351125137e-02
1.073043002202984098e-01
9.090973088217157994e-03
9.194044674803358852e-02
9.746230246188147817e-03
6.644264018045592524e-02
1.132190224483853314e-02
6.290835441305453468e-02
1.398219000561340408e-02
5.827690949724018132e-02
6.949811435798647352e-03
1.630184117653914189e-01
6.991288535117767822e-03
1.617310317789908136e-01
6.672713588967482679e-03
1.499398794039427107e-01
5.985038497945183167e-03
1.306873287797966632e-01
5.373097730496212421e-03
1.077319736491030577e-01
4.046461167483528243e-03
9.666507757995360106e-02
4.028583004926034050e-03
7.867922549994416093e-02
5.109471268946563782e-03
6.584800732659107370e-02
1.269242031873130117e-02
6.247172253256205732e-02
1.598452092341950959e-02
5.664342185114112915e-02
9.992816067162291205e-03
1.755614653487801158e-01
1.083826262965947862e-02
1.681152873850184359e-01
1.131801390666309359e-02
1.532714526508847097e-01
1.141061995904824045e-02
1.262604204942991415e-01
1.145629416085602870e-02
1.049731306932070729e-01
1.175630584930775768e-02
9.281885834645245414e-02
1.231280690681302303e-02
7.718561231870313399e-02
1.326977441352861220e-02
6.719934210758737869e-02
1.483089488570232817e-02
6.320753654466160221e-02
1.754803030402918296e-02
5.629852118751754730e-02
1.018619962764555353e-02
1.949506703778149108e-01
1.210351442950674539e-02
1.903970145123801694e-01
1.243266822317989906e-02
1.608671966726219482e-01
1.269902053898874783e-02
1.331653007965702962e-01
1.310489100947132002e-02
1.072229851464195360e-01
1.379349746621016948e-02
9.207405691262138259e-02
1.436818440314668877e-02
7.040721443851938322e-02
1.530715819020089796e-02
6.871274749805422744e-02
1.693034139902493962e-02
6.435179275948055277e-02
1.960394783290997367e-02
5.766708042071866380e-02
1.270920261001107221e-02
2.325021546171250897e-01
1.512126518022327559e-02
2.195327611384708943e-01
1.579649229178858860e-02
1.854722322310216331e-01
1.530948122562403313e-02
1.490634520580595979e-01
1.841184042758925443e-02
1.129306368599470728e-01
2.231229607044848962e-02
9.740200079063904282e-02
1.992017572066817621e-02
8.035151325896983110e-02
1.771311068281589129e-02
7.102136798707670007e-02
1.923250899915096568e-02
6.698487583855228245e-02
2.181924980236171763e-02
5.958386042306562658e-02
1.573515013400017537e-02
3.579980487068052941e-01
3.611710041795923587e-02
3.449259058922078958e-01
3.620319399993543463e-02
3.140596912152258668e-01
3.606718828700827828e-02
2.321174425791280860e-01
3.587898328706651263e-02
1.876531627011730763e-01
3.936196137065040013e-02
1.377290710715903810e-01
3.618307257703556878e-02
1.080981315845485347e-01
2.744113479066490058e-02
7.955934985312179686e-02
2.175258159427784221e-02
7.233970357739949453e-02
2.500230055040386645e-02
6.716869460543861692e-02
7.834392051341954044e-03
1.624362287908457103e-01
7.854232294249641200e-03
1.597085990449565451e-01
7.893912780065015511e-03
1.542901346915152294e-01
7.995273271184544228e-03
1.456789645713639780e-01
8.164833054273401558e-03
1.285720874893617471e-01
8.413314054744436277e-03
1.049409529622304799e-01
8.577090511812102136e-03
9.213841174709647142e-02
9.242056742121640411e-03
6.629210308947902641e-02
1.052548477368908664e-02
6.293919200666586722e-02
1.345750058230876789e-02
5.832575815891294368e-02
7.097385892361973703e-03
1.640394936201779175e-01
6.925800983037078140e-03
1.605680365780015051e-01
6.329316677243568279e-03
1.511964016480057682e-01
5.453936629834288397e-03
1.306168837735900978e-01
4.430880344836296558e-03
1.078072089912553017e-01
3.047959776306896629e-03
9.590117609547194055e-02
1.764045021028337601e-03
7.956781615349711734e-02
2.425857733907577085e-03
6.645084661873534859e-02
6.427373911343181589e-03
6.226955524183208635e-02
1.517222200101819851e-02
5.714036153644075355e-02
8.101700366203612447e-03
1.764432432429234310e-01
9.413660386687894288e-03
1.719626400273005229e-01
9.461607793666004795e-03
1.526501661913050034e-01
9.473930964062127202e-03
1.278723453751395289e-01
9.699690708558250662e-03
1.053680080905153305e-01
1.069771989782708488e-02
9.145465657943357973e-02
1.203837107165828257e-02
6.910382088728383998e-02
1.273200769536142474e-02
6.707596552633243725e-02
1.431634983364382663e-02
6.312008586727713144e-02
1.711350160288027666e-02
5.641339042793336311e-02
9.624877752660854213e-03
1.941296347657953392e-01
1.232067486505705745e-02
1.898466584356795772e-01
1.248480540459784294e-02
1.599861332603606801e-01
1.273759444513444805e-02
1.340602507695122514e-01
1.338721327314207343e-02
1.086862233226608132e-01
1.381289897919346643e-02
9.099925086822024944e-02
1.420320101208627506e-02
7.068177945527381878e-02
1.512980039156719414e-02
6.838757873115053343e-02
1.661399410498720641e-02
6.445914212485504002e-02
1.903086629608630176e-02
5.728479820748155760e-02
1.162317401186507837e-02
2.241173783191023616e-01
1.507341677926321566e-02
2.195229926829371792e-01
1.565304975203263282e-02
1.796549228846311408e-01
1.809551828336131152e-02
1.487248535345749578e-01
1.844319340052402723e-02
1.136649051792078674e-01
2.093647120905828274e-02
1.005114767561242628e-01
1.643509986687918811e-02
7.849825589143094584e-02
1.764103374391812196e-02
7.110871039143640271e-02
1.914998599689354819e-02
6.711796008217474352e-02
2.164250782939269868e-02
6.003005431295549421e-02
1.406433136077600565e-02
3.657883393503527092e-01
3.032401409322771357e-02
3.438844908372946652e-01
3.065885258273026714e-02
3.105228269836007859e-01
3.075355616347352772e-02
2.291165114848536799e-01
3.168477388279766771e-02
1.805386406586772241e-01
3.104434964731006552e-02
1.464422164439430074e-01
3.252140636943257057e-02
1.091022558949015786e-01
2.713681457324623736e-02
7.882161173111029706e-02
2.153151747492820789e-02
7.229200196243379395e-02
2.484906613050874569e-02
6.575115683120613674e-02
7.478914365325550762e-03
1.700761324513568595e-01
7.516549761642288274e-03
1.593909430635183644e-01
7.585350812179925128e-03
1.532162018620832067e-01
7.687537071397354538e-03
1.463233102459308987e-01
7.893425823099597949e-03
1.301810726727287704e-01
8.224407654513044008e-03
1.052469883919682631e-01
8.204419906757909331e-03
9.179075943493172907e-02
8.662482405835447707e-03
6.637395337919771432e-02
9.963865450552944480e-03
6.318419813858466849e-02
1.253339005205234002e-02
5.824013115610382485e-02
7.385676784278150109e-03
1.653394699611597518e-01
6.544782498208334687e-03
1.612165706303941848e-01
5.412872799700707560e-03
1.505316132301673937e-01
3.965514092341138053e-03
1.347585304570623199e-01
2.137235915236956885e-03
1.088887881200146651e-01
-3.000765209648648124e-04
9.740031609417984515e-02
-2.864723435251903538e-03
8.108497471975878446e-02
-5.243540076463659716e-03
6.622591217024231813e-02
-5.454466171656235929e-03
6.255745826378544816e-02
-7.065300151744224877e-03
5.682199018569811244e-02
7.972818853879903855e-03
1.807129533334759786e-01
9.798354541131537587e-03
1.721511971769320581e-01
9.665938276492092029e-03
1.545366004590885689e-01
9.621925432039546422e-03
1.297036739052943588e-01
9.850944747590517636e-03
1.071649310270647304e-01
1.143346991689009329e-02
9.491642644555656205e-02
1.196060203826654345e-02
7.640430660390878925e-02
1.277494417810665084e-02
6.714130754359681763e-02
1.407463696210164983e-02
6.304435354083959275e-02
1.656758045093376097e-02
5.682657136836044565e-02
9.156046413943297324e-03
1.901305861621223614e-01
1.252016873246430961e-02
1.922441388958655573e-01
1.262745566380774065e-02
1.616970124223971184e-01
1.304729615522104424e-02
1.347200081926442916e-01
1.333335190262863179e-02
1.105996960164019743e-01
1.371515023875868877e-02
9.841219336234099946e-02
1.393006881259317709e-02
7.617400104317217924e-02
1.490605670713751607e-02
6.864851202522803675e-02
1.637600384449378055e-02
6.443243623175942680e-02
1.876581608528482548e-02
5.766708042071866380e-02
1.059062193980997435e-02
2.178732542458033661e-01
1.508729551649246048e-02
2.208063864953750122e-01
1.532629668869089912e-02
1.850747168600941350e-01
1.566028117335305225e-02
1.520848873144291791e-01
1.589113266692487869e-02
1.228070205857554886e-01
1.579399398907010976e-02
1.046302389627613849e-01
1.624135544254201591e-02
8.227782647715375930e-02
1.743244974533331160e-02
7.123563847344827060e-02
1.891813565723587942e-02
6.711195992251584030e-02
2.128804740854040034e-02
6.036949680370851112e-02
1.240849331064231009e-02
3.650941978944651223e-01
2.487157130658701476e-02
3.500916655541281841e-01
2.626852143146196639e-02
3.212357802073261270e-01
2.587249571671579318e-02
2.349274661240370043e-01
2.715119854872893868e-02
1.885323387474132639e-01
2.724319705240541012e-02
1.431791292894244172e-01
2.398553029128036584e-02
1.092271927658481356e-01
2.525530583737234380e-02
8.067795389892790103e-02
2.140363128092159783e-02
7.253390702302864312e-02
2.443456868668381077e-02
6.747587389105613731e-02
